function C = cgl()
    C = [
        [2 0 0 0 0 0 0];
        [1 1 0 0 0 0 0];
        [5/9 8/9 5/9 0 0 0 0];
        [
            0.34785484513745385737 ... 
            0.65214515486254614263 ...
            0.65214515486254614263 ...
            0.34785484513745385737 ...
            0 ...
            0 ...
            0
        ];
        [
            0.23692688505618908751 ...
            0.47862867049936646804 ...
            128/225 ...
            0.47862867049936646804 ...
            0.23692688505618908751 ...
            0 ...
            0
        ];
        [
            0.17132449237917034504 ...
            0.36076157304813860757 ...
            0.46791393457269104739 ...
            0.46791393457269104739 ...
            0.36076157304813860757 ...
            0.17132449237917034504 ...
            0
        ];
        [
            0.129484966168869693271 ...
            0.27970539148927666790 ...
            0.38183005050511894495 ...
            512/1225 ...
            0.38183005050511894495 ...
            0.27970539148927666790 ...
            0.129484966168869693271
        ];
    ];
end
