%{
    Parameter 't' for the Gauss-Legendre Integration Method.
    't' is a matrix where each line corresponds the number
    of 'm' points.
%}
function t = tgl()
    t = [
        [0 0 0 0 0 0 0];
        [-1/sqrt(3) 1/sqrt(3) 0 0 0 0 0];
        [-sqrt(3/5) 0 sqrt(3/5) 0 0 0 0];
        [
            -0.8611363115940525752 ...
            -0.3399810435848562648 ...
            0.3399810435848562648 ...
            0.8611363115940525752 ...
            0 ...
            0 ...
            0
        ];
        [
            -0.90617984593866399280 ...
            -0.53846931010568309104 ...
            0 ...
            0.53846931010568309104 ...
            0.90617984593866399280 ...
            0 ...
            0
        ];
        [
            -0.93246951420315202781 ...
            -0.66120938646626451366 ...
            -0.23861918608319690863 ...
            0.23861918608319690863 ...
            0.66120938646626451366 ...
            0.93246951420315202781 ...
            0
        ];
        [
            -0.94910791234275852453 ...
            -0.74153118559939443986 ...
            -0.40584515137739716691 ...
            0 ...
            0.40584515137739716691 ...
            0.74153118559939443986 ...
            0.94910791234275852453
        ];
    ];
end

